0.8666667044381493
0.8678754838689589
0.8694878121141659
0.8714886739562918
0.8738669025512344
0.876615826430691
0.8797303194845325
0.8832085366641356
0.8870522393987434
0.8912661217998883
0.8958560436115512
0.9008320566559206
0.9062055418088455
0.9119897458263369
0.9181999953293828
0.9248532607806068
0.9319678542929257
0.9395637495339799
0.9476604143211238
0.9562801195910511
0.9654448573507542
0.9751790487115164
0.9855084536449608
0.9964620506540333
1.0079540718758215
1.019768103968217
1.032234580278175
1.0456820055244203
1.0602781684921492
1.0762005859529928
1.0936522896384495
1.1128924468477206
1.134238402153938
1.1580835006049188
1.1633333201747864
1.158333331789867
1.1533333325897352
1.1483333326047191
1.143333332949113
1.1383333333068861
1.1333333330422957
1.1283333289670479
1.123333333475282
1.118333333061941
1.113333333240019
1.1083333334747159
1.1033333333917255
1.09833333324842
1.0933333333030992
1.0883333334285437
1.0833333334939605
1.0783333323230992
1.0733333332475323
1.06833333334314
1.0633333333905166
1.0583333333921436
1.0533333334790025
1.0483333334436387
1.0433333338107729
1.0396269509569995
1.0379070468561165
1.0362177459148516
1.034559510428583
1.032932778253592
1.0313379074540796
1.029775549273336
1.0282459211720778
1.0267495912175446
1.0252870264809963
1.023858553780998
1.0224651915419591
1.0211069411648812
1.0197845041361475
1.018498425119524
1.0172492634934618
1.0160375952675698
1.0148640101042137
1.0137291146997274
1.0126335313614883
1.011577900219881
1.0105628778444835
1.0095891485083084
1.0086574131446562
1.007768598215896
1.006923074683563
1.006121767914352
1.0053654602021735
1.0046549567349448
1.0039910876295175
1.0033747090715206
1.0028066963853788
1.002287953931452
1.0018194124076027
1.0014020301890785
1.0010367946364644
1.0007247296306079
1.0004668836204575
1.000264339833134
1.00011820621935
1.0000296608043808
0.9999998730544251
1.0000300854448714
1.0001215869169844
1.000275711503513
1.0004938487374366
1.0007774419994013
1.0011279892530354
1.0015470880520292
1.0020364016889556
1.0025976700030905
1.0032327631232494
1.0039436472651886
1.0047324200897476
1.005601332387473
1.0065533303219896
1.00759011663053
1.00871496633893
1.0099310552036505
1.0112418407714547
1.0126511618400187
1.0141634152503232
1.0157835339433228
1.017517235749464
1.0249999013019966
1.0333333328221752
1.041666652005129
1.0499999704489014
1.058333237282449
1.0666665827002515
1.074999907153429
1.083333312515155
1.0916665779017343
1.0999999998661425
1.1083333332974041
1.1166666665280878
1.124999999276791
1.133333333039949
1.1416666664905173
1.149999999813719
1.1583333332173802
1.166666666568654
1.1749999999198446
1.1833333332819327
1.1916666664450475
1.1999999996707489
1.208332305970616
1.2166666356474456
1.2249999989806237
1.2333333326387272
1.2416666665046847
1.2499999997236195
1.2583333323169614
1.2666666659533403
1.2749999992056718
1.2833333329911012
1.2916666665404029
1.2999999497363086
1.3083333050466157
1.3166666664868532
1.3249999996738386
1.333333331581489
1.3416666535578314
1.3499999989366382
1.3583333330000398
1.366666666388093
1.374999998307772
1.3833333239911725
1.391666666428953
1.3999999858397012
1.4083333250012589
1.4166666591086323
1.4249999999917893
1.4333333332321
1.4416666653562722
1.4499999989534158
1.4583333323444658
1.4666666655861351
1.4749999985795326
1.4833333315761914
1.4916666647828607
1.4999999981242618
1.5083333316814613
1.5166666651644043
1.5249999986062919
1.5333333320182276
1.541666665431768
1.549999998766952
1.5583333320672894
1.5666666654484485
1.5749999988174859
1.5833333321817962
1.5916666636597623
1.5999999988707025
1.6083333322058573
1.616666665536223
1.62499999886691
1.633333333315297
1.64166666666089
1.6499999999911474
1.6583333227132437
1.6666666666302703
