1.1666666780289654
1.1630428544693212
1.159871912043456
1.1571501104315836
1.1549143272978102
1.153193933427453
1.1519985621960274
1.1513227351807935
1.1511326115194023
1.1513500631679607
1.1518672678806698
1.1525745186552903
1.1532899786630821
1.1535482247237474
1.153375546206218
1.1528278645120154
1.1519511204473385
1.150783369090231
1.1493564049881786
1.1476969867189624
1.1458277930669376
1.1437681724592936
1.1415347378099039
1.1391418334892376
1.1366019316457923
1.1339259073188306
1.1311233204803277
1.1282269463566266
1.1253368284185095
1.1224632488690995
1.1196066211449365
1.1167673688324884
1.1139459197008605
1.111142726217187
1.1083582496962066
1.1055929633909862
1.1028473552275866
1.1001219269978773
1.0974171963876254
1.0947336951586908
1.0920719691258773
1.08943257879476
1.0868160999813625
1.084223123805348
1.081654257408164
1.0791101228763509
1.0765913574448969
1.074098614665331
1.0716325626552716
1.069193885103202
1.0667832811555722
1.0644014644840674
1.062049163705699
1.0597271215280342
1.0574360949734594
1.055176854277227
1.052950182810514
1.0507568765039763
1.0485977431476492
1.0464736015866798
1.0443852810114764
1.0423336206555809
1.0403194679208494
1.0383436785894573
1.0364071107411212
1.0345106420825818
1.0326551406418831
1.0308414836057624
1.029070550884916
1.0273432238550628
1.0256603844121486
1.0240229144620416
1.022431694889658
1.0208876205820294
1.019391536836903
1.017944326469825
1.0165468544014065
1.015199979293068
1.0139045529209114
1.0126614193270727
1.011471414582903
1.0103353659955046
1.0092540917790005
1.0082284006700806
1.007259092021669
1.0063469549145245
1.0054927687100115
1.0046973029748805
1.0039613175417386
1.0032855627749946
1.0026707800621435
1.0021177021683894
1.0016270536318936
1.0011995513373477
1.000835905417088
1.0005368198578013
1.0003029933393868
1.0001351201461544
1.000033891161852
0.9999999948283598
