1.1333333334135616
1.1319061042504879
1.1304525982438478
1.128972634079664
1.1274661057927433
1.1259327949061122
1.1243725478700979
1.1227851724019657
1.1211706347774317
1.1195285950454976
1.1178590008849572
1.1161616162077175
1.1144362878114258
1.1126828444687806
1.1109011104130737
1.1090909086165668
1.1072520609161967
1.1053843874992064
1.1034877069642568
1.101561836521401
1.0996065918529045
1.097621787135411
1.0956072346859855
1.0935627458786192
1.0914881294718752
1.0893831935429286
1.087247743156882
1.085081571511515
1.0828843520084634
1.0806563444907984
1.078396834102431
1.0761058639771584
1.0737831879918895
1.0714285193349418
1.069041813256823
1.06662272438844
1.0641710600435215
1.061686664579034
1.0591692298411899
1.056618819339462
1.0540348471474534
1.0514172538937046
1.04876577072794
1.0460802709546055
1.0433604254300375
1.0406060505606551
1.037816919198662
1.0349927836779917
1.0335830746962642
1.0418289344686573
1.0483870642070479
1.0453377524735503
1.0425172411997048
1.0399154417028902
1.0375198517129234
1.0353156379932824
1.033285756374163
1.0314111044729346
1.029670704433134
1.0280418741188369
1.0265003247557043
1.0250210539831326
1.0250244497229357
1.0256308784450008
1.026816271239607
1.0286551884476602
1.0303767489602844
1.0287284473264846
1.0271131373387163
1.0255360553285575
1.0239978738096924
1.0224992919118219
1.0210410265977496
1.0196238085481593
1.0182483838440637
1.0169155143159512
1.0156259785658008
1.0143805704242723
1.0131800983489345
1.0120253914335335
1.0109172931618036
1.0098569668473023
1.0088448232712
1.007881973590954
1.0069693440624081
1.0061078808379218
1.0052985502620366
1.00454233918418
1.0038402552836385
1.0031933273721707
1.002602605771253
1.0020691627030698
1.0015940927292732
1.0011785132228188
1.0008235649429686
1.0005304125687084
1.0003002460318977
1.0001342813896907
1.0000337624496027
0.9999999603171593
