0.9999999603171901
1.000030771463296
1.000124144739826
1.000281484422973
1.0005041294806967
1.0007936198145755
1.0011515066128345
1.0015794359188583
1.0020791912421243
1.0026525016718784
1.0033013136766893
1.0040276766194416
1.0048337741997102
1.0057219456269948
1.0066947038434857
1.0077547439518821
1.008905311148839
1.0101493752616244
1.01149041276625
1.0129333437444759
1.014481919593021
1.0161411264662368
1.0185184018649756
1.0269343609563077
1.0353534322701714
1.0437708820477691
1.0521883269211214
1.0606057051935203
1.0690230516112607
1.0774403305654492
1.0858577203499389
1.0942750955070912
1.102690918376442
1.1111110593630704
1.1195286191140255
1.1279433707236997
1.1363636363265848
1.144781144713314
1.1531986530469374
1.161616161342907
1.1700336697141787
1.1784511783667762
1.1868686766704224
1.1952861942072943
1.2037036964714964
1.2121210773973523
1.220538704747425
1.2289562274085233
1.2373737373141507
1.245791090021854
1.2542087494304477
1.2626262626203548
1.2710437633579734
1.279461271849353
1.2878787877724507
1.2962962925978012
1.3047138041017567
1.3131313131304767
1.3215488206250268
1.3299663285639196
1.3383838380132458
1.3468013462564419
1.355218854395165
1.3636363626348584
1.3720538711295986
1.3804713799889385
1.3888888878757386
1.3973063968562327
1.4057239054416972
1.4141414140105555
1.4225589224891884
1.4309764309440403
1.4393938170926868
1.4478114383562786
1.4562288755357637
1.4646464633846612
1.4730639730101605
1.4814814814577144
1.4898989882401423
1.4983164983161756
1.5067340054265486
1.5151515147467451
1.5235690235381882
1.5319865319049253
1.5404040002470982
1.5488214757369267
1.557238964378665
1.565656482400998
1.5740740740726618
1.5824915824907595
1.5909090909085883
1.599326599326255
1.6077441077438592
1.6161616070656537
1.6245791180916325
1.6329966279461858
1.641414136530245
1.6498316445310621
1.6582491519494225
1.6666666666658525
