0.9999999948283598
1.0000341247125089
1.0001369570720957
1.000309185731438
1.0005515020785738
1.0008646015599174
1.0012491852375596
1.0017059614578887
1.0022356475247383
1.002838971553253
1.0035166743377377
1.0042695114534954
1.005098255232875
1.006003697303524
1.0069866513824595
1.0080479538986529
1.0091884717974482
1.0104091050544266
1.0117108140067517
1.013094513746413
1.0145612398058836
1.0161120503234757
1.0177480534455317
1.019470418848584
1.0212803776657227
1.0231792331128104
1.0251683670187368
1.027249250503129
1.0294234268180724
1.0316926380999056
1.0340586558047615
1.0365234287152654
1.039089073979902
1.0417578988398506
1.0445324239131157
1.047415424960578
1.0504099959425468
1.0535195473563241
1.0567479700489548
1.060099682138492
1.063579782426517
1.0671942471229987
1.0709502176190981
1.0757575215394573
1.0833333215359882
1.0909090893860203
1.0984848477499707
1.1060606042191292
1.1136363623681282
1.1212121203739658
1.1287878778804727
1.136363635679737
1.143939375303399
1.1515151257499625
1.1590908847071888
1.1666666529358676
1.1742424146985513
1.1818181750348136
1.1893939341301523
1.1969696930610778
1.204545450261243
1.2121212025504875
1.219696948882728
1.227272692324318
1.2348484391018124
1.2424241968939982
1.2499999632241874
1.2575757327496309
1.2651515012694627
1.272727269171624
1.28030302937198
1.287878683996369
1.295454456733725
1.3030302274509389
1.310606000867112
1.3181817736369335
1.3257575478907808
1.3333333157299316
1.340909079187305
1.3484848387760042
1.3560605967040877
1.3636363524656283
1.371212104970051
1.3787878538314406
1.3863635990461305
1.3939393427952558
1.4015150875558922
1.4090908356282725
1.4166665884922285
1.424242346486758
1.4318181088701474
1.439393874246027
1.446969641063387
1.454545407962717
1.462121174514368
1.4696969402069588
1.4772727047888028
1.4848484685670356
1.4924242323839736
1.4999999941904134
