1.133333e+00
1.130333e+00
1.127333e+00
1.124333e+00
1.121333e+00
1.118333e+00
1.115333e+00
1.112333e+00
1.109333e+00
1.106333e+00
1.103333e+00
1.100333e+00
1.097333e+00
1.094333e+00
1.091333e+00
1.088333e+00
1.085333e+00
1.082333e+00
1.079333e+00
1.076333e+00
1.073333e+00
1.070333e+00
1.067333e+00
1.064333e+00
1.061333e+00
1.058333e+00
1.055333e+00
1.052333e+00
1.049333e+00
1.046333e+00
1.043333e+00
1.040333e+00
1.037333e+00
1.034333e+00
1.031333e+00
1.028333e+00
1.025333e+00
1.022333e+00
1.019333e+00
1.016333e+00
1.013333e+00
1.010333e+00
1.007333e+00
1.004333e+00
1.001333e+00
9.983333e-01
9.953333e-01
9.923333e-01
9.893333e-01
9.863333e-01
9.833333e-01
1.045667e+00
1.041333e+00
1.037000e+00
1.032667e+00
1.028333e+00
1.024000e+00
1.019667e+00
1.015333e+00
1.011000e+00
1.006667e+00
1.002333e+00
9.980000e-01
9.936667e-01
9.893333e-01
9.850000e-01
9.806667e-01
9.763333e-01
9.720000e-01
9.676667e-01
9.633333e-01
9.590000e-01
9.546667e-01
9.503333e-01
9.460000e-01
9.416667e-01
9.373333e-01
9.330000e-01
9.286667e-01
9.243333e-01
9.200000e-01
9.156667e-01
9.113333e-01
9.070000e-01
9.026667e-01
8.983333e-01
8.940000e-01
8.896667e-01
8.853333e-01
8.810000e-01
8.766667e-01
8.723333e-01
8.680000e-01
8.636667e-01
8.593333e-01
8.550000e-01
8.506667e-01
8.463333e-01
8.420000e-01
8.376667e-01
8.333333e-01
8.416667e-01
8.500000e-01
8.583333e-01
8.666667e-01
8.750000e-01
8.833333e-01
8.916667e-01
9.000000e-01
9.083333e-01
9.166667e-01
9.250000e-01
9.333333e-01
9.416667e-01
9.500000e-01
9.583333e-01
9.666667e-01
9.750000e-01
9.833333e-01
9.916667e-01
1
1.008333e+00
1.016667e+00
1.025000e+00
1.033333e+00
1.041667e+00
1.050000e+00
1.058333e+00
1.066667e+00
1.075000e+00
1.083333e+00
1.091667e+00
1.100000e+00
1.108333e+00
1.116667e+00
1.125000e+00
1.133333e+00
1.141667e+00
1.150000e+00
1.158333e+00
1.166667e+00
1.175000e+00
1.183333e+00
1.191667e+00
1.200000e+00
1.208333e+00
1.216667e+00
1.225000e+00
1.233333e+00
1.241667e+00
1.250000e+00
1.258333e+00
1.266667e+00
1.275000e+00
1.283333e+00
1.291667e+00
1.300000e+00
1.308333e+00
1.316667e+00
1.325000e+00
1.333333e+00
1.341667e+00
1.350000e+00
1.358333e+00
1.366667e+00
1.375000e+00
1.383333e+00
1.391667e+00
1.400000e+00
1.408333e+00
1.416667e+00
1.425000e+00
1.433333e+00
1.441667e+00
1.450000e+00
1.458333e+00
1.466667e+00
1.475000e+00
1.483333e+00
1.491667e+00
1.500000e+00
1.508333e+00
1.516667e+00
1.525000e+00
1.533333e+00
1.541667e+00
1.550000e+00
1.558333e+00
1.566667e+00
1.575000e+00
1.583333e+00
1.591667e+00
1.600000e+00
1.608333e+00
1.616667e+00
1.625000e+00
1.633333e+00
1.641667e+00
1.650000e+00
1.658333e+00
1.666667e+00
