7.333333e-01
7.310000e-01
7.286667e-01
7.263333e-01
7.240000e-01
7.216667e-01
7.193333e-01
7.170000e-01
7.146667e-01
7.123333e-01
7.100000e-01
7.076667e-01
7.053333e-01
7.030000e-01
7.006667e-01
6.983333e-01
6.960000e-01
6.936667e-01
6.913333e-01
6.890000e-01
6.866667e-01
6.843333e-01
6.820000e-01
6.796667e-01
6.773333e-01
6.750000e-01
6.726667e-01
6.703333e-01
6.680000e-01
6.656667e-01
6.633333e-01
6.610000e-01
6.586667e-01
6.563333e-01
6.540000e-01
6.516667e-01
6.493333e-01
6.470000e-01
6.446667e-01
6.423333e-01
6.400000e-01
6.376667e-01
6.353333e-01
6.330000e-01
6.306667e-01
6.283333e-01
6.260000e-01
6.236667e-01
6.213333e-01
6.190000e-01
6.166667e-01
1.078333e+00
1.073333e+00
1.068333e+00
1.063333e+00
1.058333e+00
1.053333e+00
1.048333e+00
1.043333e+00
1.038333e+00
1.033333e+00
1.028333e+00
1.023333e+00
1.018333e+00
1.013333e+00
1.008333e+00
1.003333e+00
9.983333e-01
9.933333e-01
9.883333e-01
9.833333e-01
9.783333e-01
9.733333e-01
9.683333e-01
9.633333e-01
9.583333e-01
9.533333e-01
9.483333e-01
9.433333e-01
9.383333e-01
9.333333e-01
9.283333e-01
9.233333e-01
9.183333e-01
9.133333e-01
9.083333e-01
9.033333e-01
8.983333e-01
8.933333e-01
8.883333e-01
8.833333e-01
8.783333e-01
8.733333e-01
8.683333e-01
8.633333e-01
8.583333e-01
8.533333e-01
8.483333e-01
8.433333e-01
8.383333e-01
8.333333e-01
8.416667e-01
8.500000e-01
8.583333e-01
8.666667e-01
8.750000e-01
8.833333e-01
8.916667e-01
9.000000e-01
9.083333e-01
9.166667e-01
9.250000e-01
9.333333e-01
9.416667e-01
9.500000e-01
9.583333e-01
9.666667e-01
9.750000e-01
9.833333e-01
9.916667e-01
1
1.008333e+00
1.016667e+00
1.025000e+00
1.033333e+00
1.041667e+00
1.050000e+00
1.058333e+00
1.066667e+00
1.075000e+00
1.083333e+00
1.091667e+00
1.100000e+00
1.108333e+00
1.116667e+00
1.125000e+00
1.133333e+00
1.141667e+00
1.150000e+00
1.158333e+00
1.166667e+00
1.175000e+00
1.183333e+00
1.191667e+00
1.200000e+00
1.208333e+00
1.216667e+00
1.225000e+00
1.233333e+00
1.241667e+00
1.250000e+00
1.258333e+00
1.266667e+00
1.275000e+00
1.283333e+00
1.291667e+00
1.300000e+00
1.308333e+00
1.316667e+00
1.325000e+00
1.333333e+00
1.341667e+00
1.350000e+00
1.358333e+00
1.366667e+00
1.375000e+00
1.383333e+00
1.391667e+00
1.400000e+00
1.408333e+00
1.416667e+00
1.425000e+00
1.433333e+00
1.441667e+00
1.450000e+00
1.458333e+00
1.466667e+00
1.475000e+00
1.483333e+00
1.491667e+00
1.500000e+00
1.508333e+00
1.516667e+00
1.525000e+00
1.533333e+00
1.541667e+00
1.550000e+00
1.558333e+00
1.566667e+00
1.575000e+00
1.583333e+00
1.591667e+00
1.600000e+00
1.608333e+00
1.616667e+00
1.625000e+00
1.633333e+00
1.641667e+00
1.650000e+00
1.658333e+00
1.666667e+00
