1.166667e+00
1.162500e+00
1.158333e+00
1.154167e+00
1.150000e+00
1.145833e+00
1.141667e+00
1.137500e+00
1.133333e+00
1.129167e+00
1.125000e+00
1.120833e+00
1.116667e+00
1.112500e+00
1.108333e+00
1.104167e+00
1.100000e+00
1.095833e+00
1.091667e+00
1.087500e+00
1.083333e+00
1.079167e+00
1.075000e+00
1.070833e+00
1.066667e+00
1.062500e+00
1.058333e+00
1.054167e+00
1.050000e+00
1.045833e+00
1.041667e+00
1.037500e+00
1.033333e+00
1.029167e+00
1.025000e+00
1.020833e+00
1.016667e+00
1.012500e+00
1.008333e+00
1.004167e+00
1
9.958333e-01
9.916667e-01
9.875000e-01
9.833333e-01
9.791667e-01
9.750000e-01
9.708333e-01
9.666667e-01
9.625000e-01
9.583333e-01
9.541667e-01
9.500000e-01
9.458333e-01
9.416667e-01
9.375000e-01
9.333333e-01
9.291667e-01
9.250000e-01
9.208333e-01
9.166667e-01
9.125000e-01
9.083333e-01
9.041667e-01
9.000000e-01
8.958333e-01
8.916667e-01
8.875000e-01
8.833333e-01
8.791667e-01
8.750000e-01
8.708333e-01
8.666667e-01
8.625000e-01
8.583333e-01
8.541667e-01
8.500000e-01
8.458333e-01
8.416667e-01
8.375000e-01
8.333333e-01
8.291667e-01
8.250000e-01
8.208333e-01
8.166667e-01
8.125000e-01
8.083333e-01
8.041667e-01
8.000000e-01
7.958333e-01
7.916667e-01
7.875000e-01
7.833333e-01
7.791667e-01
7.750000e-01
7.708333e-01
7.666667e-01
7.625000e-01
7.583333e-01
7.541667e-01
7.500000e-01
7.575000e-01
7.650000e-01
7.725000e-01
7.800000e-01
7.875000e-01
7.950000e-01
8.025000e-01
8.100000e-01
8.175000e-01
8.250000e-01
8.325000e-01
8.400000e-01
8.475000e-01
8.550000e-01
8.625000e-01
8.700000e-01
8.775000e-01
8.850000e-01
8.925000e-01
9.000000e-01
9.075000e-01
9.150000e-01
9.225000e-01
9.300000e-01
9.375000e-01
9.450000e-01
9.525000e-01
9.600000e-01
9.675000e-01
9.750000e-01
9.825000e-01
9.900000e-01
9.975000e-01
1.005000e+00
1.012500e+00
1.020000e+00
1.027500e+00
1.035000e+00
1.042500e+00
1.050000e+00
1.057500e+00
1.065000e+00
1.072500e+00
1.080000e+00
1.087500e+00
1.095000e+00
1.102500e+00
1.110000e+00
1.117500e+00
1.125000e+00
1.132500e+00
1.140000e+00
1.147500e+00
1.155000e+00
1.162500e+00
1.170000e+00
1.177500e+00
1.185000e+00
1.192500e+00
1.200000e+00
1.207500e+00
1.215000e+00
1.222500e+00
1.230000e+00
1.237500e+00
1.245000e+00
1.252500e+00
1.260000e+00
1.267500e+00
1.275000e+00
1.282500e+00
1.290000e+00
1.297500e+00
1.305000e+00
1.312500e+00
1.320000e+00
1.327500e+00
1.335000e+00
1.342500e+00
1.350000e+00
1.357500e+00
1.365000e+00
1.372500e+00
1.380000e+00
1.387500e+00
1.395000e+00
1.402500e+00
1.410000e+00
1.417500e+00
1.425000e+00
1.432500e+00
1.440000e+00
1.447500e+00
1.455000e+00
1.462500e+00
1.470000e+00
1.477500e+00
1.485000e+00
1.492500e+00
1.500000e+00
