0.9999999603171593
1.0000341756528055
1.000137739414253
1.0003120068784352
1.000558475543869
1.0008786654686843
1.0012735715697478
1.001745532127614
1.0022957551992884
1.0029258340067333
1.0036376543703316
1.004433084124838
1.005314087877206
1.0062828259717227
1.007341513475663
1.0084926129224367
1.0097387861882325
1.011083016601614
1.0125285305592837
1.0140788225759123
1.0157386889364342
1.0175122651741797
1.0194057737470363
1.0269354024025765
1.035351779651256
1.0437706357119514
1.0521878450057047
1.0606060605838925
1.069023567011596
1.077441076763913
1.0858581586344882
1.0942760939713618
1.1026935724043825
1.1111111109344491
1.1195286166820466
1.12794611712591
1.1363636232255365
1.1447810128417617
1.1531986379023065
1.1616161439631614
1.170033473915233
1.178451168905839
1.1868686617659616
1.1952861387448084
1.2037037034826918
1.212121010833834
1.2205379684325683
1.22895622893009
1.2373737373122522
1.2457912453726783
1.254208753485327
1.2626262595971234
1.2710437527639862
1.279461265506896
1.2878787877822522
1.2962962962585343
1.304713556694403
1.3131312502603327
1.321548803383041
1.3299663260392185
1.3383838377941975
1.3468013439576414
1.355218849688388
1.3636363611413986
1.3720538293392286
1.38047136970667
1.3888888884251356
1.3973063940804362
1.4057238929583389
1.4141414054696726
1.422558910486873
1.430976430814045
1.4393939393004385
1.4478114439428396
1.456228946226115
1.4646464351793576
1.47306397306175
1.4814814814697277
1.4898989705085817
1.498316493477772
1.506734005429462
1.5151515144306311
1.5235690235019037
1.531986531730546
1.5404040400186125
1.5488215488086203
1.5572390572296757
1.5656565656495234
1.5740740740681416
1.5824915824859174
1.5909090909042625
1.599326599322858
1.6077437672601058
1.6161615050312714
1.624579099178873
1.6329965451648145
1.6414141414104475
1.6498316498256858
1.6582491582475167
1.666666654648283
