1.1333333328623176
1.1319203982622923
1.130481921407282
1.129017398967346
1.1275268748043743
1.126010097631579
1.1244669326936538
1.1228972255456733
1.1213008123079027
1.1196775284778953
1.1180272101886148
1.1163496932043806
1.1146448030768688
1.1129123611155367
1.1111522525010116
1.1093642577873433
1.1075481954238298
1.1057039246811016
1.1038312497060205
1.1019299983228796
1.099999991741718
1.0980410512140206
1.0960529881287115
1.094035632568562
1.0919887889815634
1.0899122765651923
1.0878059030702159
1.0856694785830376
1.083502812777252
1.0813057139272404
1.0790779886284454
1.076819441060091
1.0745298713279483
1.0722090810838731
1.0698568676008349
1.067473018060704
1.0650574592520274
1.0626097765956195
1.0601298559488694
1.0576174909089924
1.055072452522111
1.052494525060839
1.0498835438742562
1.0472392275252267
1.044561376290346
1.0418498074080027
1.0391042550210212
1.0363244913685343
1.0335103228186238
1.0340075761408167
1.0499999929625614
1.0468637750961782
1.0439559200699784
1.0412678638296162
1.0387886995550615
1.0365052352637865
1.0344020931733071
1.0324618143901505
1.0306650576435012
1.028990714567764
1.0274162029597411
1.0259175595754249
1.0249121051566465
1.0251854524380168
1.0259873012787075
1.0273812591159275
1.029445046831638
1.0298317445164216
1.028207415398845
1.0266201275245794
1.0250703633664229
1.0235591847655514
1.022086891232843
1.0206543116633608
1.0192621591499402
1.017911161246612
1.016602062391416
1.0153356230446011
1.0141126189808158
1.0129338431217896
1.0118001049810874
1.0107122334325835
1.0096710742751822
1.0086774894551023
1.0077323593097365
1.0068368234322151
1.0059913922238362
1.0051971883346382
1.0044551711595346
1.0037663244978905
1.003131648527382
1.002552163083457
1.0020289105625741
1.0015629549222653
1.0011553823483212
1.0008073024080795
1.0005198593862232
1.0002942024668235
1.000131508663889
1.0000329909518042
0.9999998730548624
1.0000334202578647
1.0001349343177999
1.0003057468052217
1.000547228299392
1.0008607849217266
1.0012478586300833
1.0017099718632112
1.0022486791568486
1.0028656185306635
1.0035625051448562
1.00434113922801
1.0052034307897142
1.0061518305794106
1.007187752312729
1.0083138962249572
1.009532872024085
1.0108474182340865
1.0122606736967932
1.013776132746976
1.0153977608296572
1.017130112662964
1.018978518034913
1.0249999995594234
1.0333318688986346
1.0416666390752396
1.0499999995842946
1.0583330978175391
1.066666629874608
1.0749998054890482
1.0833331887378006
1.0916665996959465
1.0999999997754053
1.1083332827071632
1.1166665064112788
1.1249998470985194
1.1333321791672029
1.1416648637294653
1.1499999666169092
1.1583333316633277
1.1666666656418077
1.1749997061217472
1.1833330775643685
1.1916664091417724
1.1999998743090818
1.2083333331048196
1.2166666662964662
1.2249999957776865
1.233333317381307
1.24166666384218
1.2499999999357643
1.2583328897328716
1.2666666665777158
1.2749999999907635
1.283333328492922
1.29166653382888
1.299999999950646
1.3083333333185256
1.3166666666603708
1.3249999420878047
1.333333310352569
1.3416666244956907
1.3499999990473897
1.358333332520585
1.3666666606934337
1.3749999963045572
1.3833333259335494
1.3916666557970938
1.3999999882288183
1.4083333219722116
1.41666665554918
1.4249999889444926
1.4333333213491277
1.44166665404271
1.4499999852897951
1.4583333193163366
1.4666666564279054
1.4749999947725274
1.4833333314923738
1.4916666615650715
1.4999999881219765
1.5083333202027118
1.516666650762356
1.5249999814612507
1.5333333332817765
1.5416666462495634
1.5499999794821044
1.5583333332650984
1.5666666665956626
1.5749999999480018
1.5833333333037114
1.5916666666092023
1.5999999860160845
1.608333320901239
1.6166666664606886
1.6249999999823903
1.633333324522616
1.6416666666573991
1.6499999999948263
1.6583333289711677
1.66666666365655
