0.8666666693928053
0.8682888134800847
0.8708797086905311
0.8741398845486408
0.8778721627110435
0.8819568774093683
0.8863282249591311
0.8909498764727741
0.8958055690187985
0.9008914037793327
0.9062133269719151
0.9118045328559761
0.9176785429073773
0.9238570620443696
0.930373289536966
0.9372439990308723
0.9444845940446283
0.952116451120942
0.9601652710405845
0.9686580647084042
0.9776256619014583
0.9871059394746686
0.9971477583351354
1.0078112456837225
1.0191520362533082
1.0312339285792702
1.0441299310911638
1.0579245119628475
1.0727159872598389
1.0886194915438956
1.105772900252029
1.124346532679383
1.1445552492484765
1.1666666666648513
1.1616161657985304
1.156565657257028
1.1515151517978464
1.146464646449346
1.141414141412056
1.1363636363650151
1.1313131313719005
1.126262637197276
1.1212121380501507
1.1161616360668416
1.1111111311188018
1.106060616291864
1.1010101078193244
1.0959596029924028
1.090909099972727
1.085858593531761
1.0808080862644187
1.075757578821877
1.070707067808263
1.0656565548701327
1.0606060473269032
1.0555555156763972
1.0505050504996603
1.0454545454787136
1.0404040374979422
1.0385982985025062
1.0368795588120394
1.0351923435142247
1.0335370770444565
1.0319142091391231
1.030324198498188
1.028767495912102
1.0272445945757582
1.0257560373791954
1.024302256573327
1.0228837533299462
1.0215011069780446
1.0201548427691614
1.0188455177118718
1.017573703604328
1.0163399883246678
1.0151449765523832
1.0139892833657647
1.012873549692213
1.0117984317102922
1.0107646027814583
1.0097727540136736
1.0088238315344111
1.007918194916857
1.0070567665095513
1.0062403269998927
1.0054696797530314
1.0047456515760007
1.0040690935667231
1.0034408818532392
1.0028619184163294
1.0023331319659063
1.0018554789460734
1.0014299445937622
1.00105754412245
1.0007393240361484
1.0004763633914764
1.0002697765840054
1.0001207141553623
1.0000303655284786
0.9999999603171901
