1.1666666740642961
1.1629786608455177
1.159682371357857
1.1568076561589313
1.1544704334364773
1.1526699047486695
1.151411968917389
1.1506943279823194
1.1505043089366067
1.1507933898265534
1.151465508113185
1.1524146965480335
1.1532269262060884
1.153540341931627
1.1534234526823384
1.1529320283244522
1.1521118815438265
1.1510009933081442
1.149631139931707
1.148029063203524
1.146217443293436
1.1442156295994197
1.142040243760711
1.1397056458803903
1.1372243120247516
1.1346071330795082
1.1318636843275527
1.1290100710556144
1.126144414431492
1.1232948630448958
1.1204618018548713
1.117645649260022
1.114846818966895
1.1120657342481413
1.109302838014477
1.1065585969152043
1.1038334735163469
1.1011279502885583
1.0984425228224406
1.0957777018095398
1.093134011578372
1.090511990762513
1.0879121923094877
1.0853351839890202
1.0827815478363267
1.0802518810780424
1.0777467963508522
1.0752669191525348
1.072812892322077
1.0703853713807392
1.067985028369928
1.0656125481904943
1.0632686302429133
1.0609539886695305
1.0586693505288989
1.056415456237725
1.0541930590384885
1.052002924813189
1.0498458308276746
1.0477225654707705
1.0456339278125357
1.0435807181463637
1.0415637724648432
1.0395839054360403
1.0376419498169636
1.0357387446723276
1.0338751345913215
1.032051968372659
1.0302700978098964
1.0285303782803839
1.0268336655240144
1.0251808145023744
1.0235726799387197
1.022010116654172
1.0204939774672657
1.0190251020408105
1.017604340757157
1.0162325619591603
1.0149105409574266
1.013639127521441
1.0124191387941206
1.0112513845601465
1.0101366656586288
1.009075774590713
1.0080694945643978
1.0071185993851413
1.0062238536209307
1.0053860110725428
1.0046058190716822
1.0038840142691803
1.0032213193786557
1.0026184554725601
1.0020761331725843
1.0015950542253569
1.0011759142117205
1.0008194017640102
1.0005262002704591
1.0002969864260478
1.000132433483932
1.0000332122158226
0.9999999907380253
1.0000334368950672
1.000134216702
1.0003029981718092
1.0005404519970256
1.0008472504983685
1.0012240761217601
1.0016716159557746
1.002190565273449
1.0027816293421634
1.0034455251304089
1.004182997850318
1.0049947725427812
1.0058816258925403
1.0068443447803803
1.0078837385924122
1.0090006421411828
1.0101959227709272
1.0114704792380993
1.012825244090607
1.014261189414025
1.0157793338959293
1.0173807440687301
1.0190665406673616
1.0208379318841636
1.0226961123796676
1.0246424282944884
1.0266782608734015
1.028805158485366
1.0310246920402335
1.0333385776553388
1.0357486673401999
1.0382569617633728
1.0408656364850344
1.0435770663457629
1.0463938585130095
1.0493188918563487
1.052355377267008
1.0555069006093203
1.0587775426390056
1.0621719779747565
1.0656956395294475
1.069354957115475
1.0731577157013787
1.079999905789386
1.0874999964419283
1.0949999989402617
1.1024999983588994
1.1099999990588105
1.1174999996663753
1.1249998870020808
1.1324999157938538
1.1399999327157886
1.147499961612684
1.1549999535913975
1.1624999597727599
1.1699999804381087
1.177499984889407
1.1849999896605268
1.1924999941685828
1.1999999976962863
1.2074999979751269
1.2149999903109927
1.2224999753828438
1.2299999558550958
1.2374999400757312
1.2449999378028136
1.2524999513247324
1.259999971180746
1.267499985436565
1.2749999935978533
1.282499998157705
1.2899999986932156
1.2974999984653077
1.3049999986176268
1.3124999989590136
1.319999900886331
1.327499944403754
1.3349999687242002
1.3424999778643525
1.349999982352935
1.3574999866631854
1.3649999885276727
1.3724999839510663
1.379999976001035
1.387499966157423
1.3949999569200475
1.402499950653572
1.409999948618553
1.4174999507199917
1.424999955880715
1.4324999627235038
1.439999969888653
1.4474999765288397
1.4549999822157251
1.4624999868281905
1.4699999904486991
1.4774999932028214
1.4849999952682975
1.4924999970020183
1.4999999983434278
