1.166667e+00
1.162500e+00
1.158333e+00
1.154167e+00
1.150000e+00
1.145833e+00
1.141667e+00
1.137500e+00
1.133333e+00
1.129167e+00
1.125000e+00
1.120833e+00
1.116667e+00
1.112500e+00
1.108333e+00
1.104167e+00
1.100000e+00
1.095833e+00
1.091667e+00
1.087500e+00
1.083333e+00
1.079167e+00
1.075000e+00
1.070833e+00
1.066667e+00
1.108843e+00
1.106957e+00
1.105059e+00
1.103149e+00
1.101229e+00
1.099299e+00
1.097359e+00
1.095413e+00
1.093457e+00
1.091495e+00
1.089527e+00
1.087554e+00
1.085576e+00
1.083595e+00
1.081611e+00
1.079624e+00
1.077637e+00
1.075651e+00
1.073666e+00
1.071682e+00
1.069701e+00
1.067723e+00
1.065751e+00
1.063784e+00
1.061825e+00
1.059873e+00
1.057931e+00
1.055999e+00
1.054077e+00
1.052169e+00
1.050274e+00
1.048393e+00
1.046529e+00
1.044682e+00
1.042853e+00
1.041045e+00
1.039257e+00
1.037491e+00
1.035750e+00
1.034033e+00
1.032343e+00
1.030680e+00
1.029047e+00
1.027444e+00
1.025872e+00
1.024334e+00
1.022831e+00
1.021364e+00
1.019934e+00
1.018542e+00
1.017191e+00
1.015881e+00
1.014614e+00
1.013391e+00
1.012214e+00
1.011083e+00
1.010000e+00
1.008966e+00
1.007983e+00
1.007051e+00
1.006172e+00
1.005348e+00
1.004578e+00
1.003864e+00
1.003208e+00
1.002609e+00
1.002070e+00
1.001592e+00
1.001174e+00
1.000819e+00
1.000526e+00
1.000297e+00
1.000132e+00
1.000033e+00
1.000000e+00
1.000033e+00
1.000134e+00
1.000303e+00
1.000540e+00
1.000846e+00
1.001222e+00
1.001668e+00
1.002184e+00
1.002771e+00
1.003430e+00
1.004160e+00
1.004962e+00
1.005836e+00
1.006782e+00
1.007801e+00
1.008893e+00
1.010059e+00
1.011297e+00
1.012608e+00
1.013993e+00
1.015452e+00
1.016984e+00
1.018590e+00
1.020269e+00
1.022023e+00
1.023850e+00
1.025750e+00
1.027725e+00
1.029774e+00
1.031897e+00
1.034095e+00
1.036366e+00
1.038713e+00
1.041134e+00
1.043631e+00
1.046203e+00
1.048852e+00
1.051578e+00
1.054383e+00
1.057267e+00
1.060232e+00
1.063281e+00
1.066416e+00
1.072500e+00
1.080000e+00
1.087500e+00
1.095000e+00
1.102500e+00
1.110000e+00
1.117500e+00
1.125000e+00
1.132500e+00
1.140000e+00
1.147500e+00
1.155000e+00
1.162500e+00
1.170000e+00
1.177500e+00
1.185000e+00
1.192500e+00
1.200000e+00
1.207500e+00
1.215000e+00
1.222500e+00
1.230000e+00
1.237500e+00
1.245000e+00
1.252500e+00
1.260000e+00
1.267500e+00
1.275000e+00
1.282500e+00
1.290000e+00
1.297500e+00
1.305000e+00
1.312500e+00
1.320000e+00
1.327500e+00
1.335000e+00
1.342500e+00
1.350000e+00
1.357500e+00
1.365000e+00
1.372500e+00
1.380000e+00
1.387500e+00
1.395000e+00
1.402500e+00
1.410000e+00
1.417500e+00
1.425000e+00
1.432500e+00
1.440000e+00
1.447500e+00
1.455000e+00
1.462500e+00
1.470000e+00
1.477500e+00
1.485000e+00
1.492500e+00
1.500000e+00
