7.333333e-01
7.310000e-01
7.286667e-01
7.263333e-01
7.240000e-01
7.216667e-01
7.193333e-01
7.170000e-01
7.146667e-01
7.123333e-01
7.100000e-01
7.076667e-01
7.053333e-01
7.030000e-01
7.006667e-01
6.983333e-01
6.960000e-01
6.936667e-01
6.913333e-01
6.890000e-01
6.866667e-01
6.843333e-01
6.820000e-01
6.796667e-01
6.773333e-01
6.750000e-01
6.726667e-01
6.703333e-01
6.680000e-01
6.656667e-01
6.633333e-01
6.610000e-01
6.586667e-01
6.563333e-01
6.540000e-01
6.516667e-01
6.493333e-01
6.470000e-01
6.446667e-01
6.423333e-01
6.400000e-01
6.376667e-01
6.353333e-01
6.330000e-01
6.306667e-01
6.283333e-01
6.260000e-01
6.236667e-01
6.213333e-01
6.190000e-01
6.166667e-01
1.078333e+00
1.073333e+00
1.068333e+00
1.063333e+00
1.058333e+00
1.053333e+00
1.048333e+00
1.043333e+00
1.029357e+00
1.028339e+00
1.027317e+00
1.026294e+00
1.025268e+00
1.024243e+00
1.023220e+00
1.022199e+00
1.021181e+00
1.020169e+00
1.019162e+00
1.018163e+00
1.017173e+00
1.016194e+00
1.015226e+00
1.014272e+00
1.013333e+00
1.012411e+00
1.011507e+00
1.010623e+00
1.009760e+00
1.008922e+00
1.008108e+00
1.007322e+00
1.006565e+00
1.005840e+00
1.005147e+00
1.004489e+00
1.003868e+00
1.003286e+00
1.002745e+00
1.002247e+00
1.001793e+00
1.001386e+00
1.001028e+00
1.000721e+00
1.000465e+00
1.000264e+00
1.000118e+00
1.000030e+00
1.000000e+00
1.000030e+00
1.000122e+00
1.000275e+00
1.000492e+00
1.000772e+00
1.001117e+00
1.001526e+00
1.002000e+00
1.002537e+00
1.003139e+00
1.003804e+00
1.004530e+00
1.005316e+00
1.006162e+00
1.007064e+00
1.008020e+00
1.009027e+00
1.010082e+00
1.011182e+00
1.012323e+00
1.013499e+00
1.014694e+00
1.016667e+00
1.025000e+00
1.033333e+00
1.041667e+00
1.050000e+00
1.058333e+00
1.066667e+00
1.075000e+00
1.083333e+00
1.091667e+00
1.100000e+00
1.108333e+00
1.116667e+00
1.125000e+00
1.133333e+00
1.141667e+00
1.150000e+00
1.158333e+00
1.166667e+00
1.175000e+00
1.183333e+00
1.191667e+00
1.200000e+00
1.208333e+00
1.216667e+00
1.225000e+00
1.233333e+00
1.241667e+00
1.250000e+00
1.258333e+00
1.266667e+00
1.275000e+00
1.283333e+00
1.291667e+00
1.300000e+00
1.308333e+00
1.316667e+00
1.325000e+00
1.333333e+00
1.341667e+00
1.350000e+00
1.358333e+00
1.366667e+00
1.375000e+00
1.383333e+00
1.391667e+00
1.400000e+00
1.408333e+00
1.416667e+00
1.425000e+00
1.433333e+00
1.441667e+00
1.450000e+00
1.458333e+00
1.466667e+00
1.475000e+00
1.483333e+00
1.491667e+00
1.500000e+00
1.508333e+00
1.516667e+00
1.525000e+00
1.533333e+00
1.541667e+00
1.550000e+00
1.558333e+00
1.566667e+00
1.575000e+00
1.583333e+00
1.591667e+00
1.600000e+00
1.608333e+00
1.616667e+00
1.625000e+00
1.633333e+00
1.641667e+00
1.650000e+00
1.658333e+00
1.666667e+00
