1.133333e+00
1.130333e+00
1.127333e+00
1.124333e+00
1.121333e+00
1.118333e+00
1.115333e+00
1.112333e+00
1.109333e+00
1.106333e+00
1.103333e+00
1.100333e+00
1.097333e+00
1.094333e+00
1.091333e+00
1.088333e+00
1.085333e+00
1.082333e+00
1.079333e+00
1.076333e+00
1.073333e+00
1.070333e+00
1.067333e+00
1.064333e+00
1.061333e+00
1.058333e+00
1.055333e+00
1.052333e+00
1.049333e+00
1.046333e+00
1.043333e+00
1.040333e+00
1.037333e+00
1.034333e+00
1.031333e+00
1.028333e+00
1.025333e+00
1.022333e+00
1.019333e+00
1.016333e+00
1.013333e+00
1.010333e+00
1.007333e+00
1.004333e+00
1.001333e+00
9.983333e-01
9.953333e-01
9.923333e-01
9.893333e-01
9.863333e-01
9.833333e-01
1.045667e+00
1.041333e+00
1.037000e+00
1.032667e+00
1.028333e+00
1.024000e+00
1.019667e+00
1.015333e+00
1.011000e+00
1.006667e+00
1.002333e+00
9.980000e-01
9.936667e-01
9.893333e-01
1.028129e+00
1.026702e+00
1.025295e+00
1.023913e+00
1.022558e+00
1.021229e+00
1.019928e+00
1.018657e+00
1.017417e+00
1.016208e+00
1.015032e+00
1.013890e+00
1.012784e+00
1.011714e+00
1.010681e+00
1.009688e+00
1.008735e+00
1.007822e+00
1.006953e+00
1.006128e+00
1.005348e+00
1.004614e+00
1.003929e+00
1.003294e+00
1.002709e+00
1.002177e+00
1.001700e+00
1.001278e+00
1.000913e+00
1.000607e+00
1.000362e+00
1.000179e+00
1.000059e+00
1.000004e+00
1.000015e+00
1.000093e+00
1.000241e+00
1.000458e+00
1.000745e+00
1.001104e+00
1.001534e+00
1.002036e+00
1.002610e+00
1.003256e+00
1.003973e+00
1.004760e+00
1.005616e+00
1.006539e+00
1.007528e+00
1.008581e+00
1.009695e+00
1.010867e+00
1.012095e+00
1.013375e+00
1.014704e+00
1.016067e+00
1.016667e+00
1.025000e+00
1.033333e+00
1.041667e+00
1.050000e+00
1.058333e+00
1.066667e+00
1.075000e+00
1.083333e+00
1.091667e+00
1.100000e+00
1.108333e+00
1.116667e+00
1.125000e+00
1.133333e+00
1.141667e+00
1.150000e+00
1.158333e+00
1.166667e+00
1.175000e+00
1.183333e+00
1.191667e+00
1.200000e+00
1.208333e+00
1.216667e+00
1.225000e+00
1.233333e+00
1.241667e+00
1.250000e+00
1.258333e+00
1.266667e+00
1.275000e+00
1.283333e+00
1.291667e+00
1.300000e+00
1.308333e+00
1.316667e+00
1.325000e+00
1.333333e+00
1.341667e+00
1.350000e+00
1.358333e+00
1.366667e+00
1.375000e+00
1.383333e+00
1.391667e+00
1.400000e+00
1.408333e+00
1.416667e+00
1.425000e+00
1.433333e+00
1.441667e+00
1.450000e+00
1.458333e+00
1.466667e+00
1.475000e+00
1.483333e+00
1.491667e+00
1.500000e+00
1.508333e+00
1.516667e+00
1.525000e+00
1.533333e+00
1.541667e+00
1.550000e+00
1.558333e+00
1.566667e+00
1.575000e+00
1.583333e+00
1.591667e+00
1.600000e+00
1.608333e+00
1.616667e+00
1.625000e+00
1.633333e+00
1.641667e+00
1.650000e+00
1.658333e+00
1.666667e+00
