0.9999999242450487
0.9999662060089055
0.9998657173602803
0.9996998080684396
0.999469723611124
0.9991766363282618
0.9988216566481158
0.9984058690652321
0.9979303782210439
0.9973962533720822
0.996804531496073
0.9961562003810185
0.9954524430662246
0.9946943851738347
0.9938829793317576
0.9930190771281158
0.9921044426000676
0.9911397755608939
0.9901262331683767
0.9890649876492988
0.9879577129549499
0.9868052131933919
0.98560924677167
0.9843703877489054
0.9830904224277717
0.9817709061095934
0.9804133299843589
0.9790183747617246
0.9775882116587244
0.9761241092477344
0.9746273085797332
0.9730995153099102
0.9715416953574791
0.9699558048884958
0.9683431458614637
0.9667042217935921
0.965041802525689
0.9633577314292291
0.9616508631168651
0.9599248672919012
0.9581790396122585
0.9564166292409881
0.9546357761636648
0.952842657423327
0.951036352118087
0.949211727166915
0.9473778656158002
0.945531109054789
0.9436761971051739
0.9418090344746372
0.9399339418478461
0.9380529497784628
0.9361611593747354
0.9342628928144838
0.9323599947011106
0.930449509593394
0.9285314380871234
0.9266171639056349
0.9246892416960081
0.9227578477962365
0.9208230328155949
0.9188866362880308
0.9169423491529464
0.9149970904050916
0.9130422565661713
0.9110916238552865
0.9091283759965081
0.9071684582591785
0.9052006690817145
0.9032326565555338
0.9012609761485754
0.8992781510493986
0.8973020980854438
0.8953106423234338
0.7499999745727801
0.7499999710607149
0.749999964305382
0.7499999826398408
0.7499999840490685
0.7499999853137937
0.7499999864167165
0.7499999873002374
0.7499999880444319
0.7499999920473357
0.7499999946153325
0.7499999958519469
0.7499999999929663
0.7499999999931679
0.7499999784205592
0.7499999578668617
0.749999999910805
0.7499999944736324
0.7499999999806414
0.7499999998614784
0.7499999989105746
0.7499999959164579
0.7499999962366284
0.7499999963008012
0.7499999966752242
0.49999999965781994
