1.2113020381061912
1.2080833454206843
1.2048737143133261
1.2016733298671722
1.1984823810427079
1.1953010673628963
1.1921295884417693
1.1889681482399013
1.1858169589072576
1.1826762397946047
1.1795462169670978
1.1764271231249963
1.1733191966018053
1.1702226834009137
1.1671378371043306
1.164064919076419
1.1610041980310306
1.1579559514376108
1.1549204646707216
1.1518980321308936
1.1488889572428858
1.145893552501665
1.1429121402117426
1.1399450520539993
1.1369926304392945
1.134055228529928
1.13113320868897
1.128226951905417
1.1253368324739341
1.1224632538429562
1.1196066256272048
1.1167673700265202
1.113945921768843
1.1111427283769342
1.1083582509244359
1.1055929638973945
1.102847355282373
1.1001219276557976
1.0974171975721623
1.0947336962147922
1.0920719695754637
1.0894325786132364
1.0868160993298708
1.0842231230306278
1.0816542564985387
1.079110121880109
1.0765913566375116
1.0740986140663358
1.0716325624096843
1.06919388541157
1.066783281885532
1.064401465632678
1.0620491648441064
1.059727122786193
1.0574360964381873
1.0551768553612721
1.0529501836687083
1.0507568771437417
1.0485977434893823
1.0464736015027511
1.0443852807526746
1.042333620164987
1.0403194673897058
1.0383436780251676
1.0364071144059792
1.034510645125617
1.03265514348571
1.030841486457411
1.029070554109317
1.0273432282272585
1.0256603909381004
1.0240229242845795
1.0224317086120749
1.0208876217263956
1.0193915386346226
1.0179443286098349
1.0165468570836673
1.0151999822028848
1.0139045561231228
1.0126614227572486
1.011471418277457
1.0103353697993165
1.0092540957895166
1.0082284046951648
1.0072590959330057
1.0063469584986788
1.005492771910551
1.004697305648277
1.003961319628039
1.003285564300909
1.0026707810282471
1.0021177024852586
1.0016270532944918
1.0011995504084443
1.0008359038533121
1.0005368175827112
1.0003029902454672
1.000135116100504
1.0000338859862854
0.9999999883710976
