0.9999999242450487
1.0000338843014536
1.0001350732015524
1.000302825744024
1.0005363876389433
1.0008349464949093
1.0011976191137533
1.0016235067867332
1.0021117045464014
1.0026612561134982
1.0032711590702637
1.0039403562924036
1.0046678335077084
1.0054525304551953
1.006293271629629
1.0071887794392722
1.008138141251278
1.0091399619550057
1.0101929736668736
1.0112959326496562
1.0124476957661306
1.0136467282631367
1.014891916607357
1.0161816798530479
1.0175146906211168
1.018889818931165
1.0203055637171823
1.0217602151284848
1.0232527452436855
1.0247816411535737
1.0263453309706392
1.0279425011882162
1.0295716877881222
1.0312315055402235
1.0329205627303237
1.0346368898905263
1.0363799960991689
1.038148790681182
1.039940190968778
1.0417547115848353
1.043589440393404
1.045444790130336
1.0473163362122102
1.049207509183618
1.0511154211598819
1.0530336909058784
1.0549680142371582
1.0569126802304893
1.0588707429436721
1.0608360679692512
1.0628109920479207
1.0647957459330137
1.0667840500223114
1.068777980345675
1.0707784498934099
1.0727806003795104
1.0747828520998846
1.0767956374764012
1.0788002857914805
1.0808054643035838
1.0828102825033732
1.0848151365252723
1.0868129662814554
1.0888098584721209
1.0907957338453258
1.092784106983255
1.0947565389683758
1.0967291676602224
1.0986893906412425
1.1006444770946933
1.1025901448182471
1.1045179012471407
1.10644602016822
1.1083508057357885
1.0614477746728654
1.0656565244109275
1.069865269880291
1.074074048345321
1.0782828045452841
1.0824915605503067
1.086700316336958
1.0909090718282126
1.0951178272589286
1.099326587405538
1.103535345400441
1.1077441014875276
1.111952861943599
1.116161616152616
1.1203703416926043
1.1245790661105866
1.1287878786700676
1.1329966243258152
1.1372053871796688
1.1414141412299446
1.1456228941736228
1.1498316433296254
1.1540403980190626
1.158249152367233
1.162457907123911
0.8333333328375157
