0.9999998804267417
0.9999662302812514
0.9998672842592433
0.9997048333760619
0.9994810835357422
0.9991978507735477
0.9988568000095376
0.9984594727079904
0.9980072863616798
0.9975015938217999
0.9969436345904436
0.9963346530322825
0.9956757504785552
0.9949681137946867
0.9942127454060447
0.9934107020622487
0.9925629580658959
0.9916706375640407
0.9907347294934183
0.9897559309951207
0.9887350236622965
0.987673583443977
0.9865711196220524
0.9854296483597416
0.9842488798061004
0.9830304107837785
0.981774490157196
0.980480871398521
0.9791513669746952
0.977786114808907
0.9763852529357515
0.97495021119756
0.9734790944475368
0.9719719674873185
0.8333333036798855
0.8333333151888472
0.833333290967133
0.8333333260751896
0.8333333278025195
0.8333333288352152
0.8333333284955629
0.8333333236764817
0.8333333017301906
0.8333332130771975
0.8333328722067085
0.8333333325943711
0.8333333327187604
0.8333333327742206
0.8333329580321653
0.8333333252144794
0.8333333332918472
0.8333333332897689
0.8333332232864988
0.8333332803048616
0.8333333101546011
0.8333333332910347
0.8333333332951004
0.8333333332998835
0.8333333333055841
0.8333333333117926
0.8333333333179288
0.8333332350198176
0.8333333310773803
0.8333333333298703
0.8333333333280596
0.8333333333208133
0.8333333332939847
0.8333333332186128
0.8333333330273983
0.8333333325771698
0.8333333315756404
0.833333330048018
0.8333333311731939
0.8333333323841619
0.8333333327727453
0.8333333325676893
0.8333333319565259
0.8333333309411317
0.8333332401519533
0.8333333272487959
0.8333332425539013
0.8333333319812972
0.8333333331208853
0.8333333333288545
0.8333333333314401
0.8333333332120101
0.8333333157183541
0.8333333332584807
0.8333333327783065
0.8333333301603595
0.8333333179455181
0.833333266645549
0.833333067143568
0.8333329495369719
0.8333333333159454
0.8333333332116934
0.833333332825029
0.8333315515990084
0.8333333040303845
0.1666964840350315
