0.9999999290877788
0.9999696586652995
0.9998807087228574
0.9997348393025338
0.9995337571958394
0.9992788533024464
0.9989712364240653
0.9986117756306155
0.9982011430108363
0.9977398295681673
0.997228181328586
0.996666409138959
0.9960546214492352
0.9953928432287242
0.9946810018656099
0.9939190295045421
0.9931067844041293
0.9922440744332339
0.9913307404770527
0.990366542027725
0.9893512745327651
0.9882847783183132
0.9871667627505223
0.9859970385931162
0.9847758477587302
0.9835027028651633
0.9821782856466681
0.9808012585233804
0.9793719049025341
0.9778904544144174
0.9763586797812833
0.9747754216943668
0.9731411619743426
0.9714534040849218
0.9697149932202432
0.9679278742623065
0.9660894297292291
0.964202508403043
0.962262944296349
0.8333333331226044
0.8333333324437403
0.8333333296513968
0.8333333183897423
0.8333332738449462
0.8333331032410383
0.8333333333181828
0.8333333332909928
0.8333333332539314
0.8333333300623815
0.8333333294420957
0.500000972646923
0.5000001130669136
0.4999999999578165
0.49999999999804906
0.49999999995331723
0.4999999999410086
0.5000001735660601
0.5000000485581988
0.5000000128469859
0.5000000032236772
0.5000000007357294
0.5000000000893986
0.4999999999065818
0.4999999998762156
0.5000000062039944
0.49999999702902886
0.49999998739346957
0.4999999999960729
0.4999999999903194
0.5000000067260648
0.4999999999498742
0.4999999998944471
0.49999999977623427
0.4999999995300525
0.49999999904827963
0.49999999812488816
0.4999999963812034
0.4999999931336816
0.49999998716290067
0.49999997631936133
0.4999999568624536
0.4999999223770371
0.4999998620520481
0.49999975806630337
0.4999999999998047
0.4999999999989656
0.49999999999683636
0.49999999999150974
0.4999999999791851
0.49999999104086557
0.4999999918057633
0.49999999250833216
0.49999999320896693
0.4999999938936841
0.5000000191691701
0.5000000149353541
0.5000000115460215
0.5000000081824458
0.5000000044883304
0.49998179418866523
