1.3333333333342738
1.328282828285653
1.3232323232292276
1.3181818181822706
1.3131313131302504
1.3080808080781958
1.3030303030272636
1.2979797979747503
1.2929292929223033
1.2878787878734392
1.282828282821514
1.2777777777682282
1.2727272727176824
1.267676767665239
1.2626262626109033
1.257575757554981
1.2525252524952828
1.2474747474338854
1.2424242423344947
1.2373737372664715
1.2323232321769837
1.2272727270445456
1.222222221775599
1.2171717159079263
1.212121208358094
1.2070707032675365
1.2020202007253669
1.1969696961937917
1.1919191918714698
1.186868686824411
1.181818181777617
1.1767676767300188
1.171717171682094
1.166666666631406
1.1616161615762393
1.156565656512138
1.151515151424991
1.146464646307732
1.1414141411324104
1.1363636358201328
1.1313131301550303
1.1262626240615627
1.1212121157183987
1.1161616059264958
1.1111110990655537
1.1060605969709394
1.10101009743964
1.0959595951236927
1.0909090900949903
1.0858585835128083
1.0808080785373115
1.0757575734978653
1.070707066600862
1.0656565538168135
1.060606059975518
1.0555555555750396
1.0505050505253668
1.045454545458528
1.040404040564309
1.0385982989564366
1.0368795554440777
1.0351923254669706
1.0335370697183075
1.0319142063595859
1.0303241975583242
1.0287675106492598
1.0272446247597151
1.0257560346636443
1.0243022393346604
1.0228837603892047
1.021501122646796
1.0201548622475516
1.018845534393927
1.0175737216504248
1.016339960660334
1.0151449992623307
1.0139893183702282
1.0128735969872444
1.0117984994028812
1.0107647054574385
1.0097729083169174
1.0088238224451476
1.007918185215747
1.0070567560361494
1.0062403149047054
1.0054696657948332
1.0047456356093942
1.004069075272677
1.0034408607159992
1.0028618933684035
1.0023331013314931
1.0018554423838126
1.001429902319419
1.0010574944088033
1.0007392610829908
1.000476274722507
1.0002696439975556
1.0001205172601877
1.0000300920576846
0.9999999959479627
