0.9999999290877788
1.0000302393629994
1.0001205705170444
1.000269179680197
1.0004744964075023
1.0007348440292811
1.0010484424803672
1.0014134349410948
1.0018279124335765
1.0022899164757908
1.002797456593193
1.0033485119063448
1.0039410498404497
1.0045730353936908
1.0052424104374884
1.0059471745000106
1.006685316599599
1.0074548239032781
1.0082537589954117
1.0090801430865068
1.0099320530994111
1.0108076670284876
1.0117050220241877
1.012622305985486
1.013558103826702
1.014510330569677
1.0154780385971496
1.0164583772798796
1.0174500815697662
1.0184517075526591
1.0194633251061926
1.0204823662705724
1.0215076689213793
1.0225353633051828
1.0235666598005233
1.0246016547280477
1.025636372052308
1.026672050678038
1.0277031574713578
1.0303030300543727
1.0353535343023654
1.0404040360449684
1.0454545277279998
1.0505049798045576
1.0555552816045728
1.0606060605876333
1.065656565605648
1.070707070611741
1.0757575718398695
1.0808080761427523
0.6178461854744146
0.6202021443121113
0.622558922505552
0.62491582490546
0.6272727272119966
0.6296296295550287
0.6319867224104521
0.6343434875912606
0.636700350778977
0.6390572425863758
0.6414141422133878
0.643771043853811
0.6461279460018807
0.6484848483248518
0.650841757543906
0.6531986492247175
0.6555555392240122
0.6579124579072819
0.6602693602567061
0.6626262700510455
0.6649831649174038
0.6673400672005998
0.6696969694009016
0.6720538714329652
0.6744107731524762
0.6767676742840188
0.6791245743205527
0.681481472344404
0.683838366714159
0.6861952545288973
0.6885521307271991
0.6909089866060313
0.6932658074598373
0.6956225689818668
0.6979797979794762
0.7003367003352613
0.7026936026892858
0.7050505050389465
0.7074074073790347
0.7097642881261458
0.7121211923407755
0.7144780964023392
0.7168350003992877
0.719191904317809
0.7215488345120318
0.723905732977683
0.7262626322958446
0.7286195313815056
0.7309764297758707
0
