1.3333333332794028
1.3282828282313552
1.32323232318149
1.3181818181308738
1.3131313130799545
1.3080808078985822
1.3030303029851054
1.2979797976183085
1.2929292922540812
1.2878787872046213
1.2828282827847692
1.2777777777320933
1.27272727262796
1.2676767675996283
1.2626262625800702
1.257575757529937
1.252525252479792
1.2474747474308332
1.242424241665898
1.2373737371756233
1.2323232321752287
1.2272727270280095
1.222222221732617
1.2171717170940703
1.2121212115776934
1.2070707067878126
1.2020202016963173
1.1969696965447478
1.1919191913065756
1.1868686867066414
1.1818181817827846
1.1767676765364683
1.1717171716731738
1.1666666664983079
1.1616161614845368
1.1565656534789879
1.1515151503843832
1.1464646463937085
1.1414141413761192
1.1363636363427467
1.1313131311963547
1.1262626245276506
1.1212121207683596
1.1161616158752423
1.1111111107800538
1.1060606059127949
1.101010099836696
1.095959593191362
1.0909090880619219
1.085858583335335
1.080808080705915
1.0757575756874762
1.0707070706359212
1.065656565596103
1.0606060605914789
1.0555555321022543
1.0505047683743238
1.0468424965548528
1.044879741384955
1.0429490585612522
1.0410510301404658
1.0391862285402653
1.037355230212489
1.0355586241278019
1.033797022099324
1.0320710370430954
1.0303812951588338
1.0287284407298523
1.027113130783281
1.0255360389905763
1.0239978555188396
1.0224991917668966
1.0210410239654428
1.0196238266070592
1.0182484059989276
1.0169155430252532
1.0156260174950744
1.0143806261493293
1.0131801832131455
1.0120255222605334
1.0109174925745648
1.00985696093184
1.0088448160660517
1.0078819647822383
1.0069693333912475
1.0061078680473146
1.005298535069893
1.0045423210998246
1.0038402334035494
1.0031933000976276
1.0026025727757784
1.0020691244444788
1.0015940480824495
1.0011784610556822
1.0008235004588797
1.000530323578704
1.000300113456102
1.000134083441224
1.0000334877073285
0.9999999960026867
