0.9999998804267417
1.0000335992102418
1.0001342162495677
1.0002998378468977
1.000529140652984
1.0008205541917008
1.0011724830038011
1.001583316695445
1.002051433125613
1.0025752293958725
1.0031530943154596
1.0037834792050946
1.004464801891442
1.005195590020633
1.0059743363851432
1.0067995975856199
1.0076699247808356
1.0085840699196953
1.0095407357766828
1.0105384579946866
1.0115757757898296
1.0126522539757021
1.0137652745069858
1.0149148945576887
1.0160989703527092
1.0173171053125234
1.0185678098558715
1.0198491811366337
1.0211610609395902
1.0225020185103857
1.0238704404304255
1.0252661997690484
1.026685986561966
1.0281283632806635
0.9821548358748473
0.9865319608913066
0.990909029285327
0.9952861840007527
0.9996632910703083
1.0040403971867022
1.0084175016386472
1.012794601009269
1.017171681292046
1.021548687545862
1.0259254143442362
1.0303030291441937
1.0346801337412619
1.0390572382390453
1.0434339277623779
1.047811438706467
0.9848484848090674
0.9878787878374542
0.9909089748667094
0.9939393374390174
0.9969696704227922
0.9999999999604874
1.0030303029951466
1.0060606060304376
1.0090909090666444
1.0121212121033465
1.015151515139938
1.0181817126968944
1.0212121175698325
1.0242424242428352
1.0272727272709088
1.0303030302937457
1.0333333332962151
1.0363636362487592
1.0393939390823406
1.0424242416503062
1.0454545436534062
1.0484848451202464
1.051515149305443
1.0545454535762695
1.0575757570038347
1.0606060598245732
1.0636363622316753
1.0666666642287097
1.0696968759130037
1.0727272665451706
1.0757574823940452
1.078787877416733
1.0818181816038708
1.0848484848450286
1.087878787877882
1.090909090787394
1.093939376155063
1.0969696968947398
1.09999999943931
1.103030299826039
1.1060605905347618
1.109090841876233
1.112120944126547
1.1151511307084414
1.118181818164819
1.1212121210906238
1.124242423733628
1.1272709401336507
1.1303030009837531
0.3333810406472267
